[
    57847,
    62260,
    41294,
    69875,
    73455,
    70865,
    65915,
    60721,
    70189,
    59824,
    72030,
    68454,
    73206,
    65937,
    70289,
    63082,
    74069,
    61636,
    69700,
    67899,
    66125,
    68829,
    73599,
    64909,
    73123,
    56229,
    73677,
    69881,
    76406,
    77322,
    75061,
    61290,
    76091,
    72273,
    69995,
    69879,
    77435,
    77261,
    41646,
    70971,
    60226,
    42614,
    72660,
    69878,
    77960,
    66153,
    75106,
    74780,
    66452,
    73146,
    69877,
    77476,
    76471,
    75272,
    78496,
    68064,
    73805,
    69306,
    65155,
    77032,
    77931,
    40784,
    75593,
    73444,
    70037,
    78761,
    72592,
    77697,
    68564,
    74890,
    75433,
    77880,
    78414,
    78043,
    74967,
    72260,
    76442,
    77584,
    77978,
    74458,
    62354,
    69727,
    75900,
    77323,
    43340,
    67615,
    75723,
    72359,
    76664,
    77934,
    77104,
    77210,
    75360,
    65922,
    73442,
    78696,
    74580,
    75949,
    78755,
    77298
]